481000, 922
2115000, 4811
212000, 408
542000, 1237
722000, 1357
114000, 291
354000, 750
53000, 176
576000, 1097
231000, 568
231000, 616
917000, 1903
151000, 388
23000, 78
550000, 1234
440000, 794
540000, 1243
644000, 1544
1251000, 2877
81000, 212
719000, 1447
47000, 154
558000, 1287
535000, 897
683000, 1557
1934000, 4497
768000, 1994
139000, 378
82000, 200
296000, 603
143000, 292
888000, 1958
499000, 1150
92000, 275
71000, 204
392000, 869
1323000, 2909
1008000, 2177
499000, 1139
28000, 85
404000, 857
201000, 445
873000, 1956
312000, 788
240000, 479
959000, 2048
468000, 968
919000, 2120
396000, 911
96000, 215
393000, 915
175000, 538
129000, 339
341000, 736
188000, 368
132000, 221
198000, 367
543000, 1401
1121000, 2428
630000, 1508
582000, 1325
436000, 997
319000, 660
415000, 883
105000, 241
363000, 730
501000, 1101
126000, 269
407000, 902
74000, 201
320000, 777
138000, 339
142000, 419
580000, 1243
39000, 119
297000, 658
57000, 152
654000, 1486
45000, 115
65000, 187
800000, 1880
552000, 1281
343000, 827
203000, 497
722000, 1551
1137000, 2591
486000, 1116
92000, 258
1036000, 2396
101000, 217
578000, 1211
224000, 350
2264000, 5119
1006000, 2256
470000, 998
53000, 173
630000, 1303
407000, 1062
230000, 385
795000, 1959
