412000, 639
1129000, 2421
354000, 739
816000, 1762
1803000, 3386
2854000, 5578
204000, 417
1661000, 3193
691000, 1400
3479000, 6999
733000, 1565
1082000, 2098
1328000, 2617
1824000, 3697
169000, 378
2908000, 5717
428000, 914
922000, 1843
1089000, 2323
629000, 1198
719000, 1367
1545000, 3031
1164000, 2366
5127000, 10907
383000, 667
1065000, 2148
606000, 1045
215000, 459
199000, 338
531000, 987
366000, 806
550000, 1152
741000, 1659
492000, 843
821000, 1603
739000, 1571
425000, 925
648000, 1482
1352000, 2699
2272000, 4309
119000, 350
263000, 549
429000, 821
325000, 703
1542000, 3103
219000, 526
544000, 1152
78000, 187
18000, 60
2732000, 5626
513000, 973
785000, 1539
531000, 1059
31000, 95
1262000, 2535
875000, 1686
123000, 275
233000, 431
4301000, 8312
2608000, 5248
244000, 508
2077000, 4167
112000, 273
365000, 744
408000, 815
309000, 552
206000, 466
311000, 555
1327000, 2678
1704000, 3311
1872000, 3564
34000, 119
258000, 535
525000, 887
1193000, 2544
1621000, 3469
754000, 1572
328000, 553
854000, 1796
812000, 1809
1204000, 2610
298000, 650
146000, 321
116000, 309
463000, 867
278000, 712
1268000, 2634
1734000, 3524
1095000, 2324
363000, 687
289000, 526
1331000, 2592
439000, 911
468000, 1023
2252000, 3998
2452000, 4688
1526000, 2943
282000, 672
53000, 146
983000, 2083
