1328000, 2462
588000, 1207
1907000, 3668
3357000, 6021
3079000, 5565
265000, 579
4026000, 7265
2043000, 3427
2677000, 5275
1074000, 2136
1261000, 2359
5742000, 10762
847000, 1602
3328000, 6301
346000, 722
2075000, 3967
2224000, 4288
8607000, 16285
1472000, 2642
3082000, 5725
2823000, 5538
1081000, 2086
1015000, 1826
205000, 339
829000, 1705
5083000, 9837
3126000, 5812
173000, 260
3343000, 6139
140000, 345
818000, 1359
2695000, 5192
2353000, 4549
595000, 1175
987000, 1965
5694000, 10525
3160000, 6086
161000, 276
7178000, 13673
1973000, 3788
1849000, 3428
234000, 450
361000, 795
2095000, 3920
425000, 738
2651000, 5351
454000, 1002
5679000, 10071
2860000, 5356
1712000, 3107
718000, 1428
1290000, 2441
316000, 681
807000, 1585
2349000, 4573
1107000, 2112
1344000, 2714
912000, 1810
1860000, 3392
117000, 243
1365000, 2517
1416000, 2783
779000, 1582
369000, 780
416000, 803
1916000, 3944
2343000, 4394
564000, 1040
348000, 719
2275000, 4235
1085000, 1959
2725000, 4979
360000, 750
2824000, 5698
1050000, 1988
1923000, 3510
1315000, 2416
1182000, 2256
784000, 1543
1863000, 3506
214000, 496
4293000, 7725
1043000, 1927
1401000, 2698
241000, 485
3138000, 5805
142000, 263
305000, 487
4579000, 8776
239000, 510
227000, 448
1177000, 2483
1873000, 3559
1223000, 2062
1468000, 2816
1916000, 3525
2371000, 4475
597000, 1107
262000, 486
2101000, 3966
