500, 10
100, 4
2900, 28
300, 10
1000, 8
3900, 28
100, 8
700, 14
100, 7
200, 5
100, 3
500, 15
100, 7
1500, 19
1000, 8
400, 14
2200, 24
1400, 13
300, 14
1300, 20
600, 13
100, 7
700, 16
1600, 14
1100, 15
100, 3
800, 18
300, 12
100, 10
400, 9
200, 9
400, 9
900, 17
200, 10
100, 5
1400, 16
500, 4
3900, 27
200, 7
900, 10
200, 12
500, 8
300, 12
400, 10
200, 9
200, 9
1000, 14
1300, 20
300, 9
400, 10
700, 14
200, 7
800, 21
500, 17
2700, 21
2800, 22
100, 2
200, 9
900, 16
1800, 15
200, 8
200, 10
500, 14
500, 18
400, 11
1100, 18
2000, 34
800, 16
600, 9
1200, 16
100, 6
800, 24
600, 15
800, 11
2400, 29
1000, 10
200, 10
200, 7
1200, 13
200, 9
200, 4
1200, 10
2500, 25
100, 9
400, 8
600, 15
800, 14
1000, 16
3400, 35
600, 14
1500, 18
300, 10
1300, 10
900, 18
400, 17
2500, 26
600, 13
700, 9
1000, 16
100, 6
