1100, 11
6700, 48
900, 14
800, 11
300, 8
6600, 28
200, 9
300, 12
3100, 37
3000, 18
1900, 34
400, 11
700, 14
800, 10
1100, 14
400, 19
3300, 13
400, 17
400, 12
600, 16
2900, 28
6100, 48
800, 15
900, 22
600, 10
3600, 19
2200, 25
500, 15
800, 16
500, 12
2100, 13
2700, 25
200, 9
2700, 23
200, 11
300, 10
200, 6
3000, 27
4200, 34
1000, 16
200, 6
300, 8
8600, 45
100, 2
3200, 24
200, 4
300, 10
2800, 24
800, 10
2100, 23
200, 10
200, 12
4100, 33
300, 10
500, 14
400, 11
600, 15
2700, 37
2000, 21
200, 11
5000, 41
900, 19
300, 11
5100, 35
200, 14
1000, 15
4100, 30
1500, 26
300, 11
200, 9
500, 15
4400, 45
2300, 20
300, 12
100, 10
300, 14
1700, 26
2100, 18
400, 9
1700, 25
4800, 36
2000, 18
400, 14
1200, 11
3500, 29
1200, 26
1500, 26
1800, 24
200, 7
1000, 17
1700, 27
1000, 25
700, 16
1800, 23
200, 10
1500, 10
700, 8
200, 8
2200, 22
700, 15
