36000, 147
73000, 300
5000, 19
58000, 263
27000, 88
31000, 135
2000, 28
69000, 275
11000, 58
48000, 201
1000, 18
12000, 50
17000, 89
12000, 45
5000, 25
1000, 12
114000, 367
44000, 195
9000, 46
37000, 152
59000, 206
2000, 27
49000, 179
12000, 58
18000, 90
46000, 177
36000, 141
15000, 73
21000, 117
48000, 190
32000, 123
2000, 16
86000, 318
63000, 230
38000, 163
45000, 147
46000, 180
9000, 48
24000, 97
24000, 96
38000, 117
30000, 97
28000, 131
12000, 63
7000, 33
18000, 72
1000, 19
18000, 107
26000, 131
6000, 28
3000, 27
26000, 113
40000, 156
24000, 92
8000, 59
15000, 67
53000, 216
4000, 27
10000, 46
4000, 37
62000, 254
8000, 71
34000, 150
26000, 92
12000, 66
28000, 103
16000, 70
11000, 50
83000, 330
6000, 37
57000, 205
56000, 197
58000, 254
25000, 99
3000, 26
6000, 38
19000, 84
11000, 61
15000, 73
4000, 26
2000, 24
8000, 54
6000, 39
10000, 52
8000, 55
26000, 89
49000, 242
94000, 297
14000, 63
27000, 114
22000, 136
4000, 24
58000, 270
3000, 32
122000, 425
8000, 33
71000, 299
15000, 64
29000, 107
2000, 21
