8000, 43
49000, 167
28000, 116
50000, 131
5000, 41
73000, 243
38000, 143
4000, 41
20000, 81
16000, 47
15000, 48
9000, 29
13000, 49
42000, 128
3000, 24
5000, 41
1000, 21
67000, 237
14000, 79
4000, 23
17000, 69
25000, 73
8000, 34
36000, 133
33000, 128
25000, 109
25000, 94
31000, 111
7000, 59
16000, 48
40000, 143
2000, 27
39000, 173
21000, 85
6000, 33
2000, 18
16000, 83
25000, 158
4000, 27
21000, 71
83000, 261
56000, 151
23000, 76
6000, 16
5000, 29
35000, 141
3000, 29
53000, 195
11000, 43
146000, 501
13000, 81
5000, 30
19000, 78
52000, 138
66000, 254
19000, 84
109000, 309
10000, 60
15000, 94
22000, 92
16000, 67
44000, 174
16000, 43
9000, 58
132000, 458
14000, 60
33000, 98
26000, 89
7000, 24
38000, 156
2000, 28
6000, 29
15000, 91
8000, 33
13000, 70
54000, 216
1000, 23
19000, 90
21000, 80
20000, 90
38000, 139
1000, 20
16000, 84
51000, 175
5000, 34
15000, 65
2000, 34
9000, 86
59000, 222
8000, 38
30000, 153
29000, 122
31000, 131
10000, 55
54000, 201
3000, 17
11000, 55
1000, 15
6000, 56
6000, 31
