234000, 567
77000, 111
229000, 634
26000, 120
136000, 385
74000, 190
61000, 146
112000, 323
294000, 877
158000, 334
48000, 130
150000, 468
288000, 846
10000, 44
35000, 99
31000, 101
40000, 191
59000, 134
160000, 424
157000, 393
8000, 37
120000, 280
187000, 537
51000, 167
32000, 87
106000, 378
66000, 223
32000, 108
26000, 128
24000, 97
14000, 36
30000, 66
160000, 457
35000, 97
56000, 163
280000, 675
47000, 166
54000, 138
540000, 1448
78000, 265
147000, 477
151000, 357
41000, 120
76000, 275
139000, 386
180000, 432
51000, 157
242000, 786
118000, 357
10000, 36
134000, 477
64000, 192
72000, 259
177000, 555
10000, 57
217000, 564
26000, 69
22000, 65
100000, 355
41000, 188
57000, 214
31000, 70
116000, 322
62000, 172
134000, 399
3000, 22
97000, 266
78000, 186
18000, 87
33000, 101
82000, 238
25000, 127
191000, 565
105000, 275
56000, 236
25000, 119
74000, 200
65000, 209
54000, 164
105000, 331
96000, 317
139000, 418
111000, 271
116000, 357
87000, 204
53000, 199
150000, 425
80000, 262
134000, 510
45000, 143
73000, 249
236000, 658
179000, 542
112000, 319
41000, 168
92000, 279
76000, 204
40000, 99
7000, 42
11000, 54
