192000, 431
359000, 914
290000, 683
121000, 313
83000, 255
70000, 210
192000, 459
152000, 428
31000, 93
54000, 168
110000, 300
25000, 103
382000, 899
450000, 1240
277000, 681
17000, 71
50000, 145
62000, 232
96000, 299
402000, 947
102000, 260
178000, 523
282000, 718
65000, 137
295000, 763
370000, 1022
234000, 593
123000, 292
143000, 273
196000, 515
222000, 562
408000, 976
132000, 325
448000, 1101
186000, 482
99000, 281
195000, 470
183000, 533
198000, 431
178000, 497
282000, 724
73000, 224
78000, 215
178000, 545
216000, 502
325000, 848
106000, 253
551000, 1259
368000, 855
159000, 465
81000, 326
31000, 105
152000, 334
13000, 44
83000, 246
443000, 959
148000, 399
234000, 578
17000, 42
164000, 411
106000, 370
38000, 113
468000, 1049
11000, 43
266000, 619
152000, 394
200000, 567
193000, 601
15000, 59
88000, 287
126000, 281
57000, 187
53000, 146
299000, 675
63000, 164
302000, 703
16000, 87
26000, 92
232000, 607
243000, 698
276000, 740
181000, 515
91000, 319
125000, 247
288000, 761
156000, 345
293000, 612
277000, 647
682000, 1660
74000, 231
349000, 845
129000, 363
118000, 329
425000, 1091
237000, 563
174000, 568
219000, 499
647000, 1404
4000, 22
9000, 48
