4023000
2929000
1811000
6132000
141000
2165000
573000
1030000
3705000
756000
1469000
16409000
4628000
9203000
2444000
1076000
620000
7472000
288000
1156000
684000
7279000
1667000
2792000
326000
3737000
1527000
1198000
3271000
2572000
231000
3024000
330000
938000
711000
306000
9966000
121000
3759000
689000
670000
501000
3231000
10000
7015000
576000
68000
3569000
1597000
1612000
1093000
1017000
10598000
1666000
5333000
2815000
2246000
1484000
869000
837000
7037000
1655000
1258000
2820000
254000
3965000
1507000
861000
3822000
3612000
1770000
2312000
948000
693000
3896000
1548000
667000
1396000
1861000
3709000
437000
4746000
1199000
1365000
212000
1150000
153000
1329000
3917000
566000
324000
1565000
1322000
63000
305000
496000
12000
2352000
371000
2033000
