279000
258000
602000
286000
267000
510000
1164000
651000
420000
432000
610000
20000
407000
115000
15000
220000
61000
1205000
326000
1036000
575000
718000
499000
430000
643000
38000
874000
736000
161000
487000
392000
458000
552000
429000
301000
146000
73000
444000
40000
23000
177000
130000
863000
391000
100000
125000
465000
21000
480000
136000
429000
1147000
444000
408000
189000
1014000
378000
273000
27000
997000
651000
109000
639000
358000
695000
1235000
145000
442000
81000
121000
353000
174000
56000
540000
280000
443000
90000
333000
116000
227000
559000
348000
145000
37000
813000
102000
597000
544000
438000
262000
298000
253000
179000
710000
485000
102000
164000
350000
579000
145000
