2018000
1165000
191000
932000
624000
341000
394000
90000
30000
221000
246000
1388000
1464000
244000
42000
548000
253000
17000
593000
639000
587000
278000
188000
693000
334000
796000
117000
987000
230000
193000
528000
1092000
309000
598000
51000
235000
315000
133000
238000
114000
317000
402000
962000
2910000
1445000
398000
361000
963000
102000
193000
492000
516000
218000
76000
1203000
722000
476000
238000
1063000
1172000
527000
746000
637000
198000
681000
784000
390000
113000
460000
224000
1430000
495000
2173000
181000
1441000
155000
89000
667000
550000
78000
181000
507000
635000
194000
35000
495000
854000
1460000
240000
96000
227000
352000
1136000
164000
24000
9000
990000
491000
238000
179000
