2849000
316000
1257000
1145000
1181000
1273000
1858000
3313000
7014000
745000
1077000
534000
359000
1813000
1102000
1085000
113000
240000
2566000
871000
499000
4770000
6646000
1376000
759000
745000
331000
6106000
3151000
3014000
1280000
5125000
1162000
1921000
311000
795000
4693000
4663000
4897000
1486000
9111000
1222000
6124000
1273000
1334000
1149000
480000
335000
1210000
2453000
1946000
7032000
5023000
2925000
2739000
3271000
2881000
641000
1511000
3105000
1888000
258000
1238000
1810000
2169000
186000
4048000
1589000
1196000
623000
7893000
625000
2700000
27000
756000
2265000
5151000
1329000
1109000
3456000
1225000
632000
602000
785000
2197000
1224000
1301000
2817000
287000
545000
486000
4179000
438000
718000
18000
351000
739000
5316000
3673000
1899000
