127000
404000
194000
355000
581000
1906000
2606000
608000
690000
763000
84000
827000
51000
1334000
501000
68000
576000
59000
60000
133000
217000
647000
358000
22000
529000
35000
115000
1871000
376000
380000
86000
81000
109000
231000
755000
326000
103000
193000
440000
1140000
129000
143000
13000
2018000
93000
228000
211000
53000
147000
972000
659000
179000
644000
1402000
38000
234000
206000
190000
61000
861000
363000
150000
144000
49000
24000
39000
605000
112000
860000
371000
220000
1128000
1517000
199000
2625000
498000
116000
533000
466000
396000
544000
354000
1337000
1377000
1017000
213000
630000
366000
23000
106000
2542000
771000
1201000
70000
119000
1558000
241000
102000
72000
155000
