1207000
22000
660000
102000
78000
516000
507000
34000
1035000
57000
1581000
118000
294000
738000
426000
289000
200000
457000
967000
1118000
355000
301000
1322000
430000
158000
99000
152000
90000
45000
354000
204000
118000
70000
451000
34000
596000
161000
135000
68000
37000
1020000
443000
101000
311000
198000
32000
590000
1154000
150000
2006000
454000
936000
107000
296000
223000
876000
41000
260000
519000
117000
268000
135000
318000
429000
826000
304000
65000
804000
144000
398000
23000
526000
110000
628000
23000
1101000
297000
1252000
571000
327000
295000
95000
171000
788000
1013000
241000
701000
657000
57000
309000
160000
410000
360000
446000
1200000
311000
261000
165000
219000
647000
