141000
451000
30000
80000
186000
484000
23000
196000
476000
266000
757000
140000
604000
286000
75000
9000
326000
427000
112000
55000
101000
751000
1181000
118000
528000
450000
284000
382000
499000
9000
1799000
1002000
100000
530000
857000
448000
11000
80000
694000
129000
152000
1212000
161000
97000
21000
518000
426000
103000
459000
19000
457000
167000
32000
71000
639000
50000
450000
1142000
163000
442000
405000
551000
157000
303000
95000
126000
77000
470000
534000
1169000
346000
187000
219000
672000
61000
1016000
132000
624000
111000
96000
628000
28000
157000
213000
266000
191000
373000
928000
618000
152000
146000
129000
913000
151000
599000
59000
85000
265000
693000
41000
