629000
483000
800000
720000
1164000
282000
22000
477000
78000
363000
334000
154000
304000
547000
522000
270000
210000
786000
2035000
240000
780000
938000
361000
647000
130000
274000
818000
130000
345000
908000
438000
140000
399000
581000
724000
119000
343000
58000
15000
111000
578000
598000
461000
1199000
424000
532000
11000
179000
870000
147000
612000
25000
345000
119000
128000
955000
26000
72000
1012000
151000
234000
1018000
1363000
382000
21000
428000
279000
94000
544000
537000
444000
203000
199000
29000
1079000
82000
952000
28000
526000
327000
1051000
705000
28000
30000
480000
122000
31000
36000
740000
144000
464000
36000
394000
622000
570000
227000
126000
134000
1278000
42000
