646000
161000
1532000
563000
291000
142000
613000
607000
1001000
30000
607000
46000
127000
549000
294000
257000
324000
169000
18000
454000
731000
1198000
121000
112000
755000
265000
143000
3146000
345000
273000
110000
188000
742000
1004000
110000
226000
39000
356000
738000
656000
2701000
851000
313000
300000
214000
668000
366000
182000
475000
507000
821000
105000
1490000
18000
48000
69000
796000
755000
703000
785000
235000
399000
852000
295000
1241000
276000
583000
117000
1668000
214000
57000
237000
487000
4320000
205000
90000
477000
650000
328000
557000
426000
10000
890000
178000
789000
1177000
355000
162000
659000
1675000
535000
402000
441000
1256000
602000
443000
78000
1220000
777000
233000
