1122000
3341000
187000
2782000
361000
932000
2489000
220000
854000
560000
1022000
261000
291000
91000
1100000
803000
1849000
1372000
11000
332000
1963000
186000
55000
1109000
449000
651000
130000
50000
668000
434000
57000
557000
106000
486000
744000
2206000
1514000
464000
650000
1784000
767000
216000
2246000
1192000
3340000
1340000
754000
247000
470000
9000
522000
499000
908000
213000
325000
109000
2796000
320000
984000
45000
843000
259000
776000
1580000
318000
1182000
74000
494000
528000
645000
715000
917000
2273000
20000
969000
833000
1686000
226000
682000
141000
82000
1821000
680000
1417000
334000
914000
4134000
212000
4000
80000
4000
80000
217000
19000
501000
361000
464000
1063000
1521000
388000
