399000
416000
679000
738000
237000
426000
636000
180000
982000
495000
23000
417000
596000
188000
186000
1413000
440000
518000
259000
50000
830000
286000
369000
853000
135000
1161000
250000
249000
433000
625000
873000
806000
991000
1644000
102000
572000
362000
1327000
325000
263000
578000
950000
71000
33000
1591000
764000
732000
716000
263000
98000
112000
220000
367000
275000
282000
1203000
390000
439000
21000
64000
35000
197000
814000
538000
65000
229000
333000
49000
151000
18000
236000
61000
346000
2207000
565000
311000
154000
2006000
169000
1662000
961000
389000
71000
129000
160000
886000
367000
104000
126000
252000
364000
276000
117000
33000
925000
122000
205000
151000
45000
329000
