61000
167000
22000
168000
810000
135000
270000
738000
1502000
37000
1241000
433000
71000
149000
632000
228000
5000
349000
14000
447000
281000
760000
1117000
403000
1675000
589000
6000
754000
441000
82000
297000
850000
79000
429000
140000
282000
545000
227000
88000
16000
58000
110000
1464000
568000
135000
476000
545000
600000
46000
332000
183000
253000
338000
1313000
75000
158000
179000
40000
1279000
420000
2025000
76000
53000
322000
136000
366000
330000
44000
526000
345000
363000
4000
166000
681000
123000
2240000
1254000
396000
619000
930000
75000
341000
806000
90000
186000
409000
414000
1065000
846000
1037000
199000
648000
143000
51000
1116000
91000
1642000
398000
268000
599000
