1800, 20
6100, 47
1100, 14
8800, 86
2500, 20
2700, 24
1200, 10
1500, 13
2300, 27
3200, 21
600, 6
100, 4
3400, 35
1900, 20
1000, 14
2200, 27
300, 5
1900, 18
1000, 14
700, 14
400, 8
200, 3
100, 4
4000, 20
900, 12
2600, 21
1100, 10
400, 3
500, 7
100, 2
1000, 19
2700, 29
3100, 34
200, 6
7800, 62
1500, 9
7100, 47
1900, 26
2700, 16
400, 7
8800, 62
11700, 94
400, 10
1500, 13
700, 10
200, 5
800, 12
400, 9
6000, 37
200, 8
5400, 61
5000, 31
300, 4
4800, 30
700, 8
5800, 48
600, 10
8500, 34
1300, 11
800, 10
800, 10
10700, 85
900, 9
3900, 21
4900, 48
1700, 21
900, 10
2500, 22
300, 7
1700, 16
10400, 79
300, 6
1800, 22
1200, 11
1900, 17
400, 11
1600, 16
7400, 50
3000, 19
1700, 17
700, 9
200, 4
800, 14
3500, 32
3200, 28
1400, 14
200, 5
3900, 29
100, 2
2500, 29
8800, 58
2200, 19
400, 9
1200, 11
1200, 14
400, 8
100, 3
300, 4
1600, 7
2500, 24
