3900, 21
2300, 17
5200, 47
6700, 30
3600, 28
1800, 13
6000, 39
3100, 21
1200, 10
500, 8
400, 11
700, 9
1300, 16
7300, 40
500, 6
4500, 36
600, 9
12200, 66
5200, 34
900, 9
500, 12
3100, 20
2600, 20
2200, 21
3500, 35
200, 6
5100, 40
2500, 26
1800, 16
3100, 16
9600, 59
3100, 29
3800, 28
400, 14
400, 10
3700, 24
2700, 22
4500, 26
2700, 24
900, 20
500, 10
4600, 27
600, 14
4200, 43
3400, 13
2500, 18
400, 6
1400, 12
6700, 55
15600, 101
1300, 15
5100, 37
8300, 58
2300, 26
3700, 31
1800, 21
3900, 27
6400, 54
5100, 20
2300, 15
1000, 12
1800, 11
800, 11
900, 13
300, 3
1700, 16
1900, 11
10500, 62
4400, 34
700, 8
2800, 22
1000, 7
2700, 23
1700, 20
3500, 31
800, 8
4900, 38
4000, 23
7900, 45
300, 6
1200, 14
3500, 28
1700, 17
2700, 24
6900, 52
500, 11
12900, 79
5400, 29
5000, 26
2200, 20
4900, 32
2900, 27
4200, 34
800, 12
6600, 42
9900, 60
2200, 20
2700, 21
5300, 56
3500, 21
