25900, 94
55700, 290
9800, 68
65600, 356
11200, 67
19700, 119
3500, 36
49700, 232
241800, 1117
126900, 583
23200, 128
106600, 489
192100, 924
53600, 278
14200, 71
19300, 116
33700, 153
19800, 125
152400, 771
106200, 494
47800, 238
10200, 61
30400, 142
36000, 177
119000, 534
21200, 127
40300, 193
6400, 38
170600, 732
86100, 423
166100, 750
53800, 263
158900, 709
167600, 819
28500, 147
41300, 197
99900, 495
70500, 341
47100, 211
68300, 318
4600, 20
15000, 87
6300, 42
11300, 39
103800, 562
40000, 198
71800, 357
26100, 152
51100, 234
100100, 461
41500, 199
53200, 268
38600, 215
8100, 44
20200, 129
10100, 59
22200, 131
91200, 487
23900, 98
13200, 86
33900, 189
62900, 280
68900, 409
58100, 271
27800, 150
282700, 1347
116200, 601
18300, 81
61700, 293
6000, 35
25200, 136
39600, 212
18800, 93
77400, 378
49700, 256
58400, 307
9700, 42
4000, 33
6900, 56
60300, 260
82200, 466
19900, 105
172800, 839
26400, 159
66100, 308
22000, 125
23600, 115
80100, 429
32300, 125
291400, 1369
435800, 2101
333600, 1447
196200, 943
61700, 326
69800, 339
186000, 913
42200, 201
42800, 184
15700, 89
357500, 1835
