170800, 774
64800, 327
79200, 335
17800, 80
81000, 367
31000, 165
49900, 248
73600, 333
144200, 571
23900, 101
39500, 170
19400, 90
81600, 428
109900, 530
75900, 330
34900, 133
18900, 90
162700, 728
7300, 44
35800, 162
43500, 184
164100, 732
161400, 680
109500, 481
34700, 130
272500, 1122
104800, 420
33500, 155
39600, 222
28900, 122
49700, 166
32000, 165
27900, 115
157600, 654
17000, 71
157800, 697
4600, 28
27400, 110
20700, 147
23400, 118
4400, 39
27000, 108
170700, 713
51200, 216
54100, 221
76400, 300
68900, 329
119100, 550
62400, 337
49200, 191
12300, 49
15100, 55
216000, 858
24000, 93
25200, 121
14600, 97
27800, 138
50600, 226
6500, 48
71600, 313
74700, 295
68600, 323
93600, 370
19900, 93
121500, 554
32700, 119
7400, 63
60000, 285
17400, 98
189400, 805
232700, 897
34900, 180
23000, 110
9400, 55
85200, 329
32300, 141
5900, 43
64100, 303
72900, 289
141700, 617
2100, 15
55000, 250
609500, 2598
89500, 365
18500, 79
146100, 653
67100, 301
163200, 668
27300, 114
15400, 71
35900, 166
7000, 39
7700, 49
112000, 452
55600, 258
50400, 189
64500, 313
5300, 39
34300, 186
58300, 231
