472900, 1763
207100, 756
73100, 309
302200, 1155
298100, 1096
292500, 1152
622000, 2255
37500, 141
148800, 591
35600, 117
65000, 247
1404400, 5239
151300, 622
449500, 1910
49200, 196
295300, 1112
25300, 90
157500, 586
85900, 364
488400, 1826
15500, 66
317200, 1298
457700, 1621
265300, 994
629800, 2377
495700, 1846
244800, 844
200200, 804
13100, 53
123400, 451
318200, 1256
119600, 483
13500, 44
372300, 1384
35900, 124
94700, 371
90100, 335
235300, 901
365400, 1286
93500, 395
94900, 429
34600, 135
492700, 1905
148700, 601
343300, 1350
895800, 3208
243500, 926
434600, 1624
275800, 1019
223400, 806
482400, 1732
15700, 86
143900, 520
6300, 35
541400, 2001
68500, 219
197900, 739
27100, 112
119100, 405
1521200, 5658
246000, 898
269400, 1044
445300, 1682
273600, 1027
44700, 169
154800, 652
323700, 1297
627200, 2448
993800, 3918
290600, 1090
288100, 1127
113700, 367
372100, 1516
170700, 642
72400, 309
262400, 1027
307500, 1311
186700, 610
213400, 865
213100, 831
32200, 118
100800, 430
338500, 1245
247300, 916
93400, 313
18700, 84
1176800, 4139
140300, 522
16900, 79
106000, 387
594100, 2116
233300, 875
22300, 92
31200, 144
542600, 2100
575000, 2092
221800, 816
162500, 583
186500, 692
533200, 2124
