1768800, 6045
556500, 1932
2083700, 6955
1934200, 6556
1184300, 3887
673600, 2392
531500, 1784
124400, 446
141900, 454
39100, 166
60200, 177
4300800, 14267
1293500, 4301
115600, 449
108100, 379
1466000, 4681
835100, 2767
1119100, 3997
2946800, 10261
172900, 572
490400, 1676
218800, 673
851000, 3002
2253500, 7757
729100, 2605
518800, 1755
395500, 1372
1085800, 3614
988400, 3428
131200, 438
125700, 426
1482000, 5167
935500, 3073
1048100, 3585
865000, 3044
158400, 558
1113500, 3789
948000, 3357
39500, 140
267600, 834
67100, 230
274600, 926
71800, 239
1063000, 3576
2065900, 7032
659700, 2182
131100, 457
23800, 101
491900, 1799
778700, 2589
381300, 1206
1968200, 6647
714700, 2384
673800, 2186
296200, 1019
1740400, 5788
216400, 745
891500, 3045
1744200, 5976
1686000, 5913
148100, 489
950800, 3325
41800, 114
3301700, 10946
323000, 1088
84200, 342
20000, 96
814600, 2647
815500, 2690
24900, 88
354200, 1268
631000, 2111
3266900, 11150
292000, 999
162700, 619
1169000, 4015
364800, 1199
1474300, 5147
368000, 1202
187800, 687
135700, 442
2193000, 7461
719600, 2499
837900, 2867
491100, 1750
668600, 2334
958900, 3323
2099300, 7073
103000, 331
1216100, 4346
153200, 495
39100, 153
134000, 399
639300, 2141
201400, 709
812700, 2966
4200, 21
1153300, 3732
647000, 2284
239300, 798
